MyAlg 0.8095238095238095 109.15198969841003
TPOTAlg 0.8333333333333334 144.16602516174316
MyAlg 0.8571428571428571 101.382741689682
TPOTAlg 0.7380952380952381 239.71351981163025
MyAlg 0.8571428571428571 64.43942856788635
TPOTAlg 0.8571428571428571 181.30245542526245
MyAlg 0.7619047619047619 84.931387424469
TPOTAlg 0.7380952380952381 316.2808780670166
MyAlg 0.8571428571428571 79.28739929199219
TPOTAlg 0.8095238095238095 196.8548400402069

0.8285714285714285 87.83858933448792
0.7952380952380953 215.66354370117188